20 11
0 0 8 2.0 1.0
 172517.326850 0.00023317502546
 25861.5192750 0.00180765219800
 5885.66186680 0.00939438442550
 1665.97300310 0.03810840900900
 542.367181480 0.12331203853000
 194.578034920 0.29004470954000
 75.3035976360 0.40587151157000
29.5740625890 0.20398410743000
0 0 4 2.0 1.0
 191.200746600 -0.02441975975900
 58.8402998830 -0.11547027448000
 8.96425408450 0.56356636717000
 3.68569605410 0.56709682704000
0 0 2 2.0 1.0
 5.24642897260 -0.22825334325000
 0.84862621528 0.72625219172000
0 0 1 2.0 1.0
 1.30710626000 1.00000000000000
0 0 1 0.0 1.0
 0.38027232000 1.00000000000000
0 0 1 0.0 1.0
 0.16014616000 1.00000000000000
0 2 6 6.0 1.0
 836.972620580 0.00252583460920
 197.930401420 0.02007650668600
 63.1355580540 0.09130298736600
 23.2826871700 0.25247029915000
 9.11764449320 0.39426326344000
 3.63361201390 0.23011559492000
0 2 3 6.0 1.0
 13.4941631200 -0.02649502195100
 1.81392597900 0.55088108210000
 0.71981826006 1.02806166200000
0 2 1 0.0 1.0
 0.36108303000 1.00000000000000
0 2 1 0.0 1.0
 0.16029529000 1.00000000000000
0 3 1 0.0 1.0
 0.78864471000 1.00000000000000
6 8
0 0 6 2.0 1.0
13575.349682 0.00022245814352
2035.2333680 0.00172327382520
463.22562359 0.00892557153140
131.20019598 0.03572798450200
42.853015891 0.11076259931000
15.584185766 0.24295627626000
0 0 2 2.0 1.0
6.2067138508 0.41440263448000
2.5764896527 0.23744968655000
0 0 1 0.0 1.0
0.4941102000 1.00000000000000
0 0 1 0.0 1.0
0.1644071000 1.00000000000000
0 2 4 2.0 1.0
34.697232244 0.00533336578050
7.9582622826 0.03586410909200
2.3780826883 0.14215873329000
0.8143320818 0.34270471845000
0 2 1 0.0 1.0
0.5662417100 1.00000000000000
0 2 1 0.0 1.0
0.2673545000 1.00000000000000
0 3 1 0.0 1.0
0.8791584200 1.00000000000000
8 8
0 0 6 2.0 1.0
 27032.382631 0.00021726302465
 4052.3871392 0.00168386621990
 922.32722710 0.00873956162650
 261.24070989 0.03523996880800
 85.354641351 0.11153519115000
 31.035035245 0.25588953961000
0 0 2 2.0 1.0
 12.260860728 0.39768730901000
 4.9987076005 0.24627849430000
0 0 1 0.0 1.0
 1.0987136000 1.00000000000000
0 0 1 0.0 1.0
 0.3565870100 1.00000000000000
0 2 4 4.0 1.0
 63.274954801 0.0060685103418
 14.627049379 0.0419125758240
 4.4501223456 0.1615384108800
 1.5275799647 0.3570695131100
0 2 1 0.0 1.0
 0.5489735000 1.0000000000000
0 2 1 0.0 1.0
 0.1858671100 1.0000000000000
0 3 1 0.0 1.0
 0.2534621300 1.0000000000000
99 0
ENDBS
SCFDIR
DFT
PBE-D3
XXLGRID
END
SHRINK
8 8
BIPOLAR
18 18
LEVSHIFT
5 0
TOLDEE
8 
TOLINTEG
8 8 8 8 18
MAXCYCLE
100
ENDSCF

